// Name and Label MUST NOT exceed 23 characters (as marked)
//ID,   Name___________________,        Type,   Price,      Sell,       Weight,    ATK,    DEF,    Range,  Mbonus, Slot,     Gender, Loc,        wLV,    eLV,   View,   {UseScript},                                                        {EquipScript}
8000,   BlackSaviorArmor,               5,      100000,     3000,       2600,       0,      40,     0,      -170,   0,     2,      512,        0,      0,      0,       {},                                                                    {}
8001,   BlueSaviorArmor,                5,      100000,     3000,       2600,       0,      40,     0,      -170,   0,      2,      512,        0,      0,      0,       {},                                                                    {}
8002,   RedSaviorArmor,                 5,      100000,     3000,       2600,       0,      40,     0,      -170,   0,     2,      512,        0,      0,      0,       {},                                                                    {}
8003,   WhiteSaviorArmor,               5,      100000,     3000,       2600,       0,      40,     0,      -170,   0,      2,      512,        0,      0,      0,       {},                                                                    {}
8004,   SaviorPants,                    5,      2000,       1000,       60,         0,      15,     0,      -12,    0,      2,      1,          0,      0,      0,       {},                                                                    {}
8005,   Buckler,                        5,      40000,      3000,       2500,       0,      5,      0,      -200,   0,      2,      32,         0,      0,      0,       {},                                                                    {}
8006,   CursedArrow,                    10,     2,          1,          1,          50,     0,      0,      0,      0,      2,      32768,      0,      0,      0,       {},                                                                    {}
8007,   PoisonArrow,                    10,     2,          1,          1,          55,     0,      0,      0,      0,      2,      32768,      0,      0,      0,       {},                                                                    {}
8008,   ThornArrow,                     10,     2,          1,          1,          60,     0,      0,      0,      0,      2,      32768,      0,      0,      0,       {},                                                                    {}
8009,   RegularBoots,                   5,      8000,       500,        80,         0,      1,      0,      -2,     0,      2,      64,         0,      0,      0,       {},                                                                    {}
8010,   MappersCap,                     5,      2000,       500,        20,         0,      30,     0,      0,      0,      2,      256,        0,      0,      0,       {},                                                                    {}
8011,   ArtistsCap,                     5,      2000,       500,        20,         0,      30,     0,      0,      0,      2,      256,        0,      0,      0,       {},                                                                    {}
8012,   CenturionHelm,                  5,      30000,      3000,       900,        0,      30,     0,      -36,    0,      2,      256,        0,      0,      0,       {},                                                                    {}
8013,   GladiatorHelm,                  5,      30000,      3000,       900,        0,      25,     0,      -36,    0,      2,      256,        0,      0,      0,       {},                                                                    {}
8014,   MajorHelmet,                    5,      30000,      3000,       900,        0,      15,     0,      -36,    0,     2,      256,        0,      0,      0,       {},                                                                    {}
8015,   SoldierHelmet,                  5,      30000,      3000,       900,        0,      12,     0,      -36,    0,      2,      256,        0,      0,      0,       {},                                                                    {}
8016,   NinjaMask,                      5,      30000,      3000,       900,        0,      4,      0,      -36,    0,      2,      256,        0,      0,      0,       {},                                                                    {}
8017,   UnsilveredCrusadeHelmet,        5,      30000,      3000,       900,        0,      15,     0,      -36,    0,      2,      256,        0,      0,      0,       {},                                                                    {}
8018,   VikingHelmet,                   5,      30000,      3000,       900,        0,      10,     0,      -36,    0,      2,      256,        0,      0,      0,       {},                                                                    {}
8019,   SilverBow,                      4,      20000,      5000,       1200,       125,    0,      8,      0,      0,      2,      34,         1,      0,      11,      {},                                                                    {}
8020,   BlackSmithAxe,                  4,      15000,      7500,       500,        375,    0,      1,      0,      0,      2,      2,          1,      55,     1,       {},                                                                    {bonus bAgi, 3;}
8021,   Kanabo,                         4,      15000,      7500,       500,        95,     0,      1,      0,      0,      2,      2,          1,      1,      1,       {},                                                                    {bonus bStr, 3;}
8022,   Gladius,                        4,      8000,       4000,       2000,       75,     0,      1,      0,      0,      2,      2,          1,      1,      1,       {},                                                                    {}
8023,   SilverSword,                    4,      8000,       4000,       2000,       200,    0,      1,      0,      0,      2,      2,          1,      1,      1,       {},                                                                    {}
8024,   TreasureMap,                    3,      8,          4,          1,          0,      0,      0,      0,      0,      0,      0,          0,      0,      0,       {},                                                                    {}
8025,   ClothesPack,                    3,      8,          4,          1,          0,      0,      0,      0,      0,      0,      0,          0,      0,      0,       {},                                                                    {}
8026,   Emerald,                        3,      250,        100,        20,         0,      0,      0,      0,      0,      0,      0,          0,      0,      0,       {},                                                                    {}
8027,   RawCoal,                        3,      250,        100,        20,         0,      0,      0,      0,      0,      0,      0,          0,      0,      0,       {},                                                                    {}
8028,   SilverOre,                      3,      250,        100,        20,         0,      0,      0,      0,      0,      0,      0,          0,      0,      0,       {},                                                                    {}
8029,   RoyalSaviorArmor,               5,      100000,     3000,       2600,       0,      50,     0,      -170,   0,      2,      512,        0,      0,      0,       {},                                                                    {}
8030,   Gold,                           3,      250,        100,        20,         0,      0,      0,      0,      0,      0,      0,          0,      0,      0,       {},                                                                    {}
8031,   AfkShirt,                       5,      300,        5,          13,         0,      2,      0,      -2,     0,      2,      512,        0,      0,      0,       {},                                                                    {}
8032,   AngelWings,                     5,      300,        5,          13,         0,      2,      0,      -2,     0,      2,      128,        0,      0,      0,       {},                                                                    {}
8033,   Daemonwings,                    5,      300,        5,          13,         0,      2,      0,      -2,     0,      2,      128,        0,      0,      0,       {},                                                                    {}
8034,   Dragonflywings,                 5,      300,        5,          13,         0,      2,      0,      -2,     0,      2,      128,        0,      0,      0,       {},                                                                    {}
8035,   Butterflywings,                 5,      300,        5,          13,         0,      2,      0,      -2,     0,      2,      128,        0,      0,      0,       {},                                                                    {}
8036,   Dog,                            5,      60000,      40000,      13,         0,      2,      0,       0,     0,      2,      128,        0,      0,      0,       {},                                                                    {bonus bStr, 50; bonus bMaxHP, 100;}
8037,   Greenfairy,                     5,      60000,      40000,      13,         0,      2,      0,       0,     0,      2,      128,        0,      0,      0,       {},                                                                    {bonus bLuk, 50; bonus bMaxHP, 100;}
8038,   Redfairy,                       5,      60000,      40000,      13,         0,      2,      0,       0,     0,      2,      128,        0,      0,      0,       {},                                                                    {bonus bLuk, 50; bonus bMaxHP, 100;}
8039,   Bluefairy,                      5,      60000,      40000,      13,         0,      2,      0,       0,     0,      2,      128,        0,      0,      0,       {},                                                                    {bonus bLuk, 50; bonus bMaxHP, 100;}
8040,   Cat,                            5,      60000,      40000,      13,         0,      2,      0,       0,     0,      2,      128,        0,      0,      0,       {},                                                                    {bonus bAgi, 50; bonus bMaxHP, 100;}
8041,   Rat,                            5,      60000,      40000,      13,         0,      2,      0,       0,     0,      2,      128,        0,      0,      0,       {},                                                                    {bonus bDex, 50; bonus bMaxHP, 100;}
8042,   Admincap,                       5,      300,        5,          13,         0,      2,      0,      -2,     0,      2,      256,        0,      0,      0,       {},                                                                    {}
8043,   Afkcap,                         5,      300,        5,          13,         0,      2,      0,      -2,     0,      2,      256,        0,      0,      0,       {},                                                                    {}
8044,   Assassinrobe,                   5,      300,        5,          13,         0,      2,      0,      -2,     0,      2,      512,        0,      0,      0,       {},                                                                    {}
8045,   BTCap,                          5,      2000,       500,        20,         0,      5,      0,       0,     0,      2,      256,        0,      0,      0,       {},                                                                    {}
8046,   BlackCat,                       5,      200000,     100000,     13,         0,      2,      0,       0,     0,      2,      128,        0,      0,      0,       {},                                                                    {bonus bAgi, 50; bonus bInt, 25; bonus bMaxHP, 100;}
8047,   CodersHelmet,                   5,      15000,      1500,       400,       0,      25,     0,      -200,   0,      2,      256,        0,      0,      0,       {},                                                                    {bonus bDex, 5;}
8048,   FireGloves,                     4,      20000,      5000,       100,        50,     0,      5,      0,      0,      2,      34,         1,      0,      11,      {},                                                                    {}
8049,   BlackMambaArmor,                5,      300,        5,          13,         0,      2,      0,      0,      0,      2,      512,        0,      0,      0,       {},                                                                    {}
8050,   BlackMambaBoots,                5,      8000,       500,        80,         0,      2,      0,      0,      0,      2,      64,         0,      0,      0,       {},                                                                    {}
8051,   BlackMambaGloves,               5,      6000,       2000,       20,         0,      4,      0,      0,      0,      2,      4,          0,      0,      0,       {},                                                                    {}
8052,   BlackMambaHelm,                 5,      2000,       1000,       60,         0,      4,      0,      0,      0,      2,      256,        0,      0,      0,       {},                                                                    {}
8053,   BlackMambaPants,                5,      2000,       1000,       60,         0,      15,     0,      0,      0,      2,      1,          0,      0,      0,       {},                                                                    {}
8054,   SteamTopHat,                    5,      2000,       2000,       20,         0,      5,      0,      5,      0,      2,      256,        0,      0,      0,       {},                                                                    {}
